generation #1 of maximum 20000
generation #2 of maximum 20000
generation #3 of maximum 20000

Kp1 =

   -2.1000 =

   -2.1000


Ki1 =

  -83.4000


Kd1 =

 -142.4000


Kp2 =

  172.9000


Ki2 =

  309.7000


Kd2 =

 -232.8000


J =

   2.5679e+04

generation #4 of maximum 20000

Kp1 =

   -2.2000


Ki1 =

  -83.4000


Kd1 =

 -142.4000


Kp2 =

  172.8000


Ki2 =

  309.7000


Kd2 =

 -232.9000


J =

   2.5030e+04

generation #5 of maximum 20000

Kp1 =

  -48.9000


Ki1 =

 -483.4000


Kd1 =

 -172.4000


Kp2 =

 -420.3000


Ki2 =

  -57.1000


Kd2 =

 -232.5000


J =

  193.8782


Kp1 =

   -2.3000


Ki1 =

  -83.4000


Kd1 =

 -142.4000


Kp2 =

  172.7000


Ki2 =

  309.7000


Kd2 =

 -232.9000


J =

   2.4273e+04

generation #6 of maximum 20000

Kp1 =

  -48.9000


Ki1 =

 -483.4000


Kd1 =

 -172.5000


Kp2 =

 -420.3000


Ki2 =

  -57.2000


Kd2 =

 -232.5000


J =

  194.1982

generation #7 of maximum 20000

Kp1 =

  -48.9000


Ki1 =

 -483.4000


Kd1 =

 -172.5000


Kp2 =

 -420.3000


Ki2 =

  -57.3000


Kd2 =

 -232.5000


J =

  194.1940

generation #8 of maximum 20000

Kp1 =

  -48.9000


Ki1 =

 -483.4000


Kd1 =

 -172.5000


Kp2 =

 -420.3000


Ki2 =

  -57.4000


Kd2 =

 -232.5000


J =

  194.1899


Kp1 =

   -58


Ki1 =

  -64.4000


Kd1 =

 -277.1000


Kp2 =

  332.2000


Ki2 =

 -290.5000


Kd2 =

 -310.8000


J =

  137.4657

generation #9 of maximum 20000

Kp1 =

  -58.1000


Ki1 =

  -64.4000


Kd1 =

 -277.1000


Kp2 =

  332.2000


Ki2 =

 -290.6000


Kd2 =

 -310.9000


J =

  137.2137

generation #10 of maximum 20000

Kp1 =

  -58.2000


Ki1 =

  -64.4000


Kd1 =

 -277.1000


Kp2 =

  332.2000


Ki2 =

 -290.7000


Kd2 =

 -310.9000


J =

  137.2127


Kp1 =

  -21.4000


Ki1 =

  -68.4000


Kd1 =

 -247.4000


Kp2 =

  314.3000


Ki2 =

  268.8000


Kd2 =

 -288.2000


J =

  199.4424

generation #11 of maximum 20000

Kp1 =

  -58.2000


Ki1 =

  -64.4000


Kd1 =

 -277.1000


Kp2 =

  332.2000


Ki2 =

 -290.8000


Kd2 =

 -310.9000


J =

  137.2127

generation #12 of maximum 20000

Kp1 =

  -58.2000


Ki1 =

  -64.4000


Kd1 =

 -277.1000


Kp2 =

  332.2000


Ki2 =

 -290.8000


Kd2 =

 -310.9000


J =

  137.2127

generation #13 of maximum 20000

Kp1 =

  -58.2000


Ki1 =

  -64.4000


Kd1 =

 -277.1000


Kp2 =

  332.2000


Ki2 =

 -290.8000


Kd2 =

 -310.9000


J =

  137.2127

generation #14 of maximum 20000

Kp1 =

  -58.2000


Ki1 =

  -64.4000


Kd1 =

 -277.1000


Kp2 =

  332.2000


Ki2 =

 -290.8000


Kd2 =

 -310.9000


J =

  137.2127

generation #15 of maximum 20000

Kp1 =

  -58.2000


Ki1 =

  -64.4000


Kd1 =

 -277.1000


Kp2 =

  332.2000


Ki2 =

 -290.8000


Kd2 =

 -310.9000


J =

  137.2127

generation #16 of maximum 20000

Kp1 =

  -58.2000


Ki1 =

  -64.4000


Kd1 =

 -277.1000


Kp2 =

  332.2000


Ki2 =

 -290.8000


Kd2 =

 -310.9000


J =

  137.2127

generation #17 of maximum 20000

Kp1 =

  -58.2000


Ki1 =

  -64.4000


Kd1 =

 -277.1000


Kp2 =

  332.2000


Ki2 =

 -290.8000


Kd2 =

 -310.9000


J =

  137.2127


Kp1 =

 -416.3000


Ki1 =

  -67.8000


Kd1 =

  -214


Kp2 =

 -368.7000


Ki2 =

  352.1000


Kd2 =

 -145.7000


J =

   12.4305

generation #18 of maximum 20000

Kp1 =

 -416.4000


Ki1 =

  -67.8000


Kd1 =

 -214.1000


Kp2 =

 -368.8000


Ki2 =

   352


Kd2 =

 -145.7000


J =

   12.2761

generation #19 of maximum 20000

Kp1 =

 -416.5000


Ki1 =

  -67.8000


Kd1 =

 -214.2000


Kp2 =

 -368.9000


Ki2 =

  351.9000


Kd2 =

 -145.7000


J =

   12.1262

generation #20 of maximum 20000

Kp1 =

 -416.5000


Ki1 =

  -67.8000


Kd1 =

 -214.2000


Kp2 =

  -369


Ki2 =

  351.9000


Kd2 =

 -145.7000


J =

   12.0247

generation #21 of maximum 20000

Kp1 =

 -416.5000


Ki1 =

  -67.8000


Kd1 =

 -214.2000


Kp2 =

  -369


Ki2 =

  351.9000


Kd2 =

 -145.7000


J =

   12.0247

generation #22 of maximum 20000

Kp1 =

 -416.5000


Ki1 =

  -67.8000


Kd1 =

 -214.2000


Kp2 =

  -369


Ki2 =

  351.9000


Kd2 =

 -145.7000


J =

   12.0247

generation #23 of maximum 20000

Kp1 =

 -416.5000


Ki1 =

  -67.8000


Kd1 =

 -214.2000


Kp2 =

  -369


Ki2 =

  351.9000


Kd2 =

 -145.7000


J =

   12.0247

generation #24 of maximum 20000

Kp1 =

 -416.5000


Ki1 =

  -67.8000


Kd1 =

 -214.2000


Kp2 =

  -369


Ki2 =

  351.9000


Kd2 =

 -145.7000


J =

   12.0247

generation #25 of maximum 20000

Kp1 =

 -416.5000


Ki1 =

  -67.8000


Kd1 =

 -214.2000


Kp2 =

  -369


Ki2 =

  351.9000


Kd2 =

 -145.7000


J =

   12.0247

generation #26 of maximum 20000

Kp1 =

 -416.5000


Ki1 =

  -67.8000


Kd1 =

 -214.2000


Kp2 =

  -369


Ki2 =

  351.9000


Kd2 =

 -145.7000


J =

   12.0247

generation #27 of maximum 20000

Kp1 =

 -416.5000


Ki1 =

  -67.8000


Kd1 =

 -214.2000


Kp2 =

  -369


Ki2 =

  351.9000


Kd2 =

 -145.7000


J =

   12.0247

generation #28 of maximum 20000

Kp1 =

 -416.5000


Ki1 =

  -67.8000


Kd1 =

 -214.2000


Kp2 =

  -369


Ki2 =

  351.9000


Kd2 =

 -145.7000


J =

   12.0247

generation #29 of maximum 20000

Kp1 =

 -416.5000


Ki1 =

  -67.8000


Kd1 =

 -214.2000


Kp2 =

  -369


Ki2 =

  351.9000


Kd2 =

 -145.7000


J =

   12.0247

generation #30 of maximum 20000

Kp1 =

 -416.5000


Ki1 =

  -67.8000


Kd1 =

 -214.2000


Kp2 =

  -369


Ki2 =

  351.9000


Kd2 =

 -145.7000


J =

   12.0247


Kp1 =

 -265.5000


Ki1 =

 -194.8000


Kd1 =

 -452.7000


Kp2 =

   46.4000


Ki2 =

   -70


Kd2 =

 -396.3000


J =

  123.3338

generation #31 of maximum 20000

Kp1 =

 -416.5000


Ki1 =

  -67.8000


Kd1 =

 -214.2000


Kp2 =

  -369


Ki2 =

  351.9000


Kd2 =

 -145.7000


J =

   12.0247

generation #32 of maximum 20000

Kp1 =

 -416.5000


Ki1 =

  -67.8000


Kd1 =

 -214.2000


Kp2 =

  -369


Ki2 =

  351.9000


Kd2 =

 -145.7000


J =

   12.0247

generation #33 of maximum 20000

Kp1 =

 -416.5000


Ki1 =

  -67.8000


Kd1 =

 -214.2000


Kp2 =

  -369


Ki2 =

  351.9000


Kd2 =

 -145.7000


J =

   12.0247

generation #34 of maximum 20000

Kp1 =

 -416.5000


Ki1 =

  -67.8000


Kd1 =

 -214.2000


Kp2 =

  -369


Ki2 =

  351.9000


Kd2 =

 -145.7000


J =

   12.0247

generation #35 of maximum 20000

Kp1 =

 -416.5000


Ki1 =

  -67.8000


Kd1 =

 -214.2000


Kp2 =

  -369


Ki2 =

  351.9000


Kd2 =

 -145.7000


J =

   12.0247


Kp1 =

 -175.7000


Ki1 =

 -426.3000


Kd1 =

 -459.8000


Kp2 =

 -484.1000


Ki2 =

  371.6000


Kd2 =

 -405.2000


J =

  139.1538

generation #36 of maximum 20000

Kp1 =

 -416.5000


Ki1 =

  -67.8000


Kd1 =

 -214.2000


Kp2 =

  -369


Ki2 =

  351.9000


Kd2 =

 -145.7000


J =

   12.0247


Kp1 =

 -175.7000


Ki1 =

 -436.3000


Kd1 =

 -449.9000


Kp2 =

 -452.5000


Ki2 =

   71.6000


Kd2 =

 -405.2000


J =

  132.7291

generation #37 of maximum 20000

Kp1 =

 -416.5000


Ki1 =

  -67.8000


Kd1 =

 -214.2000


Kp2 =

  -369


Ki2 =

  351.9000


Kd2 =

 -145.7000


J =

   12.0247

generation #38 of maximum 20000

Kp1 =

 -416.5000


Ki1 =

  -67.8000


Kd1 =

 -214.2000


Kp2 =

  -369


Ki2 =

  351.9000


Kd2 =

 -145.7000


J =

   12.0247

generation #39 of maximum 20000

Kp1 =

 -416.5000


Ki1 =

  -67.8000


Kd1 =

 -214.2000


Kp2 =

  -369


Ki2 =

  351.9000


Kd2 =

 -145.7000


J =

   12.0247

generation #40 of maximum 20000

Kp1 =

 -416.5000


Ki1 =

  -67.8000


Kd1 =

 -214.2000


Kp2 =

  -369


Ki2 =

  351.9000


Kd2 =

 -145.7000


J =

   12.0247


Kp1 =

 -416.5000


Ki1 =

  -67.8000


Kd1 =

 -214.2000


Kp2 =

  -369


Ki2 =

  351.9000


Kd2 =

 -145.7000


J =

   12.0247

