
DD =

     0


CC1 =

     1     0


G =
 
  a = 
                     position     ball velo    beam angle
   position                 0             1             0
   ball velo                0             0         7.007
   beam angle               0             0             0
   beam rotatio             0             0             0
 
                 beam rotatio
   position                 0
   ball velo                0
   beam angle               1
   beam rotatio             0
 
  b = 
                 voltage
   position            0
   ball velo           0
   beam angle          0
   beam rotatio    9.682
 
  c = 
                     position     ball velo    beam angle
   position                 1             0             0
   beam rotatio             0             0             1
 
                 beam rotatio
   position                 0
   beam rotatio             0
 
  d = 
                 voltage
   position            0
   beam rotatio        0
 
Continuous-time state-space model.


AA_a =

         0    1.0000         0         0         0
         0         0    7.0071         0         0
         0         0         0    1.0000         0
         0         0         0         0         0
    1.0000         0         0         0         0


BB_a =

         0
         0
         0
    9.6824
         0


Cm_a =

         0         0         0   67.8456         0
         0         0   67.8456         0         0
         0    9.6824         0         0         0
    9.6824         0         0         0         0
         0         0         0         0   67.8456


Rank_c_a =

     5


Q =

   200     0     0     0     0
     0   200     0     0     0
     0     0   200     0     0
     0     0     0    20     0
     0     0     0     0   200


R =

    0.5000


KKK =

   41.3593   32.7649   60.5597    7.2463   20.0000


S =

  591.1408  168.3841  148.8189    2.1358  327.6486
  168.3841  120.3481  116.5767    1.6920   86.4257
  148.8189  116.5767  207.5618    3.1273   72.4633
    2.1358    1.6920    3.1273    0.3742    1.0328
  327.6486   86.4257   72.4633    1.0328  413.5933


E =

 -61.1557          
  -3.6336 + 2.9592i
  -3.6336 - 2.9592i
  -0.8693 + 0.5047i
  -0.8693 - 0.5047i


KK_111 =

   20.0000


KK_222 =

   41.3593   32.7649   60.5597    7.2463

generation #1 of maximum 20000
generation #2 of maximum 20000
generation #3 of maximum 20000
generation #4 of maximum 20000
generation #5 of maximum 20000
generation #6 of maximum 20000
generation #7 of maximum 20000
generation #8 of maximum 20000

Kp1 =

 -255.2000


Ki1 =

 -441.4000


Kd1 =

  -14.4000


Kp2 =

  -244


Ki2 =

 -480.2000


Kd2 =

 -161.8000


J =

    0.2370

generation #9 of maximum 20000

Kp1 =

 -255.2000


Ki1 =

 -441.5000


Kd1 =

  -14.5000


Kp2 =

  -244


Ki2 =

 -480.2000


Kd2 =

 -161.8000


J =

    0.2371

generation #10 of maximum 20000

Kp1 =

 -255.2000


Ki1 =

 -441.5000


Kd1 =

  -14.6000


Kp2 =

  -244


Ki2 =

 -480.2000


Kd2 =

 -161.8000


J =

    0.2372

generation #11 of maximum 20000

Kp1 =

 -255.2000


Ki1 =

 -441.5000


Kd1 =

  -14.6000


Kp2 =

  -244


Ki2 =

 -480.2000


Kd2 =

 -161.8000


J =

    0.2372

generation #12 of maximum 20000

Kp1 =

 -255.6000


Ki1 =

 -461.5000


Kd1 =

  -14.7000


Kp2 =

  -250


Ki2 =

 -480.2000


Kd2 =

 -117.8000


J =

    0.2567


Kp1 =

 -255.2000


Ki1 =

 -441.5000


Kd1 =

  -14.6000


Kp2 =

  -244


Ki2 =

 -480.2000


Kd2 =

 -161.8000


J =

    0.2372


Kp1 =

 -255.2000


Ki1 =

 -491.1000


Kd1 =

  -14.6000


Kp2 =

  -239


Ki2 =

 -480.5000


Kd2 =

 -341.8000


J =

    0.2789

generation #13 of maximum 20000

Kp1 =

 -255.8000


Ki1 =

 -411.4000


Kd1 =

   -4.8000


Kp2 =

  -339


Ki2 =

 -280.3000


Kd2 =

 -244.8000


J =

    0.1619


Kp1 =

 -255.2000


Ki1 =

 -441.5000


Kd1 =

  -14.6000


Kp2 =

  -244


Ki2 =

 -480.2000


Kd2 =

 -161.8000


J =

    0.2372


Kp1 =

 -109.3000


Ki1 =

    8.4000


Kd1 =

  -14.6000


Kp2 =

  -265


Ki2 =

 -488.9000


Kd2 =

 -444.8000


J =

    0.2388

generation #14 of maximum 20000

Kp1 =

 -255.8000


Ki1 =

 -411.5000


Kd1 =

   -4.9000


Kp2 =

  -339


Ki2 =

 -280.4000


Kd2 =

 -244.9000


J =

    0.1619


Kp1 =

 -250.5000


Ki1 =

 -244.5000


Kd1 =

   -4.9000


Kp2 =

 -243.7000


Ki2 =

 -480.2000


Kd2 =

 -161.8000


J =

    0.2298

generation #15 of maximum 20000

Kp1 =

 -255.8000


Ki1 =

 -411.6000


Kd1 =

   -4.9000


Kp2 =

  -339


Ki2 =

 -280.5000


Kd2 =

 -244.9000


J =

    0.1619

generation #16 of maximum 20000

Kp1 =

 -255.8000


Ki1 =

 -411.6000


Kd1 =

   -4.9000


Kp2 =

  -339


Ki2 =

 -280.6000


Kd2 =

 -244.9000


J =

    0.1619

generation #17 of maximum 20000

Kp1 =

 -255.8000


Ki1 =

 -411.6000


Kd1 =

   -4.9000


Kp2 =

  -339


Ki2 =

 -280.7000


Kd2 =

 -244.9000


J =

    0.1619

generation #18 of maximum 20000

Kp1 =

 -255.8000


Ki1 =

 -411.6000


Kd1 =

   -4.9000


Kp2 =

  -339


Ki2 =

 -280.7000


Kd2 =

 -244.9000


J =

    0.1619


Kp1 =

 -445.8000


Ki1 =

  -416


Kd1 =

   -8.9000


Kp2 =

 -333.8000


Ki2 =

 -265.5000


Kd2 =

 -224.6000


J =

    0.1714

generation #19 of maximum 20000

Kp1 =

 -255.8000


Ki1 =

 -411.6000


Kd1 =

   -4.9000


Kp2 =

  -339


Ki2 =

 -280.7000


Kd2 =

 -244.9000


J =

    0.1619

generation #20 of maximum 20000

Kp1 =

 -255.8000


Ki1 =

 -411.6000


Kd1 =

   -4.9000


Kp2 =

  -339


Ki2 =

 -280.7000


Kd2 =

 -244.9000


J =

    0.1619

generation #21 of maximum 20000

Kp1 =

 -255.8000


Ki1 =

 -411.6000


Kd1 =

   -4.9000


Kp2 =

  -339


Ki2 =

 -280.7000


Kd2 =

 -244.9000


J =

    0.1619

generation #22 of maximum 20000

Kp1 =

 -255.8000


Ki1 =

 -411.6000


Kd1 =

   -4.9000


Kp2 =

  -339


Ki2 =

 -280.7000


Kd2 =

 -244.9000


J =

    0.1619

generation #23 of maximum 20000

Kp1 =

 -255.8000


Ki1 =

 -411.6000


Kd1 =

   -4.9000


Kp2 =

  -339


Ki2 =

 -280.7000


Kd2 =

 -244.9000


J =

    0.1619


Kp1 =

  -66.2000


Ki1 =

  312.7000


Kd1 =

   -6.6000


Kp2 =

 -366.6000


Ki2 =

 -236.5000


Kd2 =

 -277.9000


J =

    0.2920

generation #24 of maximum 20000

Kp1 =

 -255.8000


Ki1 =

 -411.6000


Kd1 =

   -4.9000


Kp2 =

  -339


Ki2 =

 -280.7000


Kd2 =

 -244.9000


J =

    0.1619


Kp1 =

  -65.2000


Ki1 =

  347.7000


Kd1 =

   -0.4000


Kp2 =

  -339


Ki2 =

 -260.5000


Kd2 =

 -117.4000


J =

   24.4129

generation #25 of maximum 20000

Kp1 =

 -255.8000


Ki1 =

 -411.6000


Kd1 =

   -4.9000


Kp2 =

  -339


Ki2 =

 -280.7000


Kd2 =

 -244.9000


J =

    0.1619


Kp1 =

 -225.1000


Ki1 =

  418.4000


Kd1 =

   -8.9000


Kp2 =

 -338.2000


Ki2 =

 -280.7000


Kd2 =

 -220.7000


J =

    0.1504

generation #26 of maximum 20000

Kp1 =

 -225.2000


Ki1 =

  418.3000


Kd1 =

   -8.9000


Kp2 =

 -338.3000


Ki2 =

 -280.7000


Kd2 =

 -220.7000


J =

    0.1505

generation #27 of maximum 20000

Kp1 =

 -225.3000


Ki1 =

  418.2000


Kd1 =

   -8.9000


Kp2 =

 -338.4000


Ki2 =

 -280.7000


Kd2 =

 -220.7000


J =

    0.1505

generation #28 of maximum 20000

Kp1 =

 -225.4000


Ki1 =

  418.2000


Kd1 =

   -8.9000


Kp2 =

 -338.5000


Ki2 =

 -280.7000


Kd2 =

 -220.7000


J =

    0.1505


Kp1 =

 -124.7000


Ki1 =

  195.2000


Kd1 =

   -3.5000


Kp2 =

 -340.2000


Ki2 =

 -173.1000


Kd2 =

 -180.6000


J =

    0.1952

generation #29 of maximum 20000

Kp1 =

 -225.5000


Ki1 =

  418.2000


Kd1 =

   -8.9000


Kp2 =

 -338.5000


Ki2 =

 -280.7000


Kd2 =

 -220.7000


J =

    0.1505

generation #30 of maximum 20000

Kp1 =

 -225.5000


Ki1 =

  418.2000


Kd1 =

   -8.9000


Kp2 =

 -338.5000


Ki2 =

 -280.7000


Kd2 =

 -220.7000


J =

    0.1505

generation #31 of maximum 20000

Kp1 =

 -290.7000


Ki1 =

   68.2000


Kd1 =

   -9.9000


Kp2 =

 -330.7000


Ki2 =

 -451.8000


Kd2 =

 -183.8000


J =

    0.1963


Kp1 =

 -225.5000


Ki1 =

  418.2000


Kd1 =

   -8.9000


Kp2 =

 -338.5000


